9 21
9 20
10 19
10 18
9 17
8 16
7 15
6 14
6 13
6 12
6 11
6 10
5 9
6 8
7 7
8 6
7 5
7 4
6 3
5 4
4 3
3 2
4 1
5 0
6 0
7 0
8 0
9 1
10 0
11 0
12 1
12 2
13 3
14 4
15 4
16 3
15 2
15 1
16 0
17 1
18 2
19 3
18 4
18 5
19 6
19 7
19 8
19 9
18 10
17 9
16 8
15 9
14 10
14 11
14 12
15 13
16 12
17 12
18 13
19 14
19 15
19 16
19 17
19 18
18 19
17 20
17 21
17 22
18 23
18 24
19 25
19 26
18 27
17 26
16 25
15 24
14 24
13 23
14 22
13 21
12 20
11 21
11 22
11 23
10 24
9 23
8 24
8 25
9 26
9 27
9 28
9 29
10 30
11 31
12 31
13 32
14 31
15 32
16 33
15 34
14 35
13 34
12 35
12 36
13 37
13 38
12 39
11 39
10 38
9 37
8 38
7 37
6 36
5 35
4 34
3 33
3 32
3 31
2 30
1 29
0 28
0 27
0 26
0 25
0 24
0 23
0 22
0 21
0 20
0 19
0 18
0 17
1 16
0 15
1 14
0 13
1 12
0 11
171.79
138
239
