13 52
58 36
95 5
12 93
49 59
51 19
33 49
82 29
14 25
85 100
43 52
13 92
29 23
31 70
47 38
66 5
35 34
6 68
7 96
17 44
28 34
44 45
35 8
34 31
76 48
38 24
68 3
36 18
10 69
4 84
38 77
26 42
4 41
20 76
23 51
65 12
8 73
77 91
70 21
42 93
16 48
15 19
100 44
83 31
77 41
51 43
12 74
71 17
12 4
17 89
41 68
83 78
69 27
25 37
61 60
3 11
98 41
34 39
60 53
98 22
53 42
13 13
57 47
39 11
28 45
21 85
79 9
17 15
2 99
96 97
58 13
40 84
33 99
32 20
37 81
91 0
35 92
11 44
17 5
42 22
72 96
59 79
91 93
28 80
35 30
41 43
90 16
53 31
78 87
52 8
98 28
29 93
6 79
74 28
80 50
