20
pf 1 1
bloco 0: 0(1 1) 
pf 2 2
bloco 0: 0(1 1) 1(2 2) 
pf 3 3
bloco 0: 0(1 1) 1(2 2) 2(3 3) 

pb 0 0
bloco 0: 2(0 0) 
bloco 1: 3(1 1) 4(2 2) 5(3 3) 

pb -1 -1
bloco 0: 1(-1 -1) 2(0 0) 
bloco 1: 3(1 1) 4(2 2) 5(3 3) 

pb -2 -2
bloco 0: 0(-2 -2) 1(-1 -1) 2(0 0) 
bloco 1: 3(1 1) 4(2 2) 5(3 3) 

ppb
bloco 0: 1(-1 -1) 2(0 0) 
bloco 1: 3(1 1) 4(2 2) 5(3 3) 

-2 -2
ppb
bloco 0: 2(0 0) 
bloco 1: 3(1 1) 4(2 2) 5(3 3) 

-1 -1
pb -1 -1
bloco 0: 1(-1 -1) 2(0 0) 
bloco 1: 3(1 1) 4(2 2) 5(3 3) 

pb -1 -1
bloco 0: 0(-1 -1) 1(-1 -1) 2(0 0) 
bloco 1: 3(1 1) 4(2 2) 5(3 3) 

pf 4 4



20
pf 1 1
bloco 0: 0(1 1) 
pf 2 2
bloco 0: 0(1 1) 1(2 2) 
pf 3 3
bloco 0: 0(1 1) 1(2 2) 2(3 3) 

ppb
bloco 0: 1(2 2) 2(3 3) 

1 1
pf 4 4