12 11
12 10
13 9
14 10
15 9
15 8
14 7
13 6
12 5
12 4
13 3
12 2
11 1
10 0
9 1
8 0
7 0
6 0
5 0
4 1
3 0
2 1
2 2
2 3
3 4
4 3
5 4
6 3
7 4
8 3
9 3
10 4
10 5
9 6
8 7
8 8
9 9
10 10
10 11
10 12
10 13
10 14
10 15
11 16
12 17
13 18
14 18
15 17
15 16
16 15
15 14
15 13
16 12
17 11
18 12
18 13
19 14
19 15
19 16
19 17
19 18
18 19
17 20
17 21
17 22
18 23
18 24
19 25
19 26
18 27
17 26
16 25
15 24
14 24
13 23
14 22
13 21
12 20
11 19
10 18
9 17
8 16
7 15
6 14
5 15
5 16
5 17
6 18
7 19
6 20
7 21
8 21
9 20
10 21
11 22
11 23
10 24
9 23
8 24
8 25
9 26
9 27
9 28
9 29
10 30
11 31
12 31
13 32
14 31
15 32
16 33
15 34
16 35
17 35
18 35
19 34
18 33
19 32
18 31
17 31
151.31
120
209
